%YAML:1.0
---
samples: !!opencv-matrix
   rows: 105
   cols: 100
   dt: f
   data: [ 0., 0., 0., 0., 0., 98., 179., 179., 179., 9., 1., 60., 255.,
       255., 255., 255., 255., 255., 255., 13., 13., 255., 255., 255.,
       198., 198., 255., 255., 255., 13., 0., 0., 0., 0., 0., 140., 255.,
       255., 255., 13., 0., 0., 0., 0., 0., 140., 255., 255., 255., 13.,
       0., 0., 0., 0., 0., 140., 255., 255., 255., 13., 0., 0., 0., 0.,
       0., 140., 255., 255., 255., 13., 0., 0., 0., 0., 0., 140., 255.,
       255., 255., 13., 0., 0., 0., 0., 0., 140., 255., 255., 255., 13.,
       0., 0., 0., 0., 0., 98., 179., 179., 179., 9., 0., 0., 0., 0., 0.,
       0., 0., 0., 0., 0., 0., 0., 64., 242., 255., 255., 255., 255.,
       140., 0., 0., 0., 64., 242., 255., 255., 255., 255., 140., 0., 0.,
       0., 64., 242., 255., 255., 242., 64., 0., 0., 0., 140., 255.,
       255., 255., 255., 242., 64., 0., 0., 0., 140., 255., 255., 255.,
       255., 242., 64., 0., 0., 0., 140., 255., 255., 255., 166., 0., 0.,
       0., 0., 0., 140., 255., 255., 255., 166., 0., 0., 0., 0., 0.,
       140., 255., 255., 255., 166., 0., 0., 0., 0., 0., 0., 0., 0., 0.,
       0., 0., 0., 0., 0., 0., 0., 179., 179., 179., 179., 179., 89., 0.,
       0., 0., 229., 242., 229., 229., 237., 255., 255., 229., 0., 0.,
       115., 0., 0., 0., 0., 229., 255., 255., 76., 0., 0., 0., 0., 0.,
       0., 206., 255., 255., 76., 0., 0., 0., 0., 0., 130., 255., 255.,
       161., 0., 0., 0., 0., 186., 255., 255., 255., 38., 0., 0., 0.,
       23., 255., 255., 255., 161., 0., 0., 0., 0., 38., 242., 255.,
       242., 38., 0., 0., 0., 0., 0., 76., 255., 255., 229., 229., 229.,
       229., 229., 229., 69., 54., 179., 179., 179., 179., 179., 179.,
       179., 179., 54., 0., 0., 179., 179., 179., 179., 179., 45., 0.,
       0., 0., 191., 229., 229., 229., 248., 255., 255., 191., 0., 0.,
       0., 0., 0., 0., 0., 255., 255., 255., 64., 0., 0., 0., 0., 0., 0.,
       255., 255., 198., 6., 0., 0., 255., 255., 255., 255., 255., 198.,
       0., 0., 0., 0., 76., 76., 121., 255., 255., 255., 134., 0., 0.,
       0., 0., 0., 0., 0., 64., 255., 255., 64., 0., 0., 0., 0., 0., 0.,
       64., 255., 255., 64., 64., 255., 229., 229., 229., 229., 255.,
       255., 198., 6., 45., 179., 179., 179., 179., 179., 179., 45., 0.,
       0., 0., 0., 0., 0., 0., 71., 179., 179., 36., 0., 0., 0., 0., 0.,
       0., 255., 255., 255., 51., 0., 0., 0., 0., 0., 153., 255., 255.,
       255., 51., 0., 0., 0., 0., 184., 255., 15., 255., 255., 51., 0.,
       0., 0., 76., 255., 102., 0., 255., 255., 51., 0., 0., 51., 255.,
       112., 0., 0., 255., 255., 51., 0., 102., 255., 255., 255., 255.,
       255., 255., 255., 255., 102., 102., 255., 255., 255., 255., 255.,
       255., 255., 255., 102., 0., 0., 0., 0., 0., 0., 255., 255., 51.,
       0., 0., 0., 0., 0., 0., 0., 179., 179., 36., 0., 0., 0., 0., 0.,
       0., 0., 0., 0., 0., 0., 0., 0., 0., 0., 166., 255., 255., 255.,
       140., 0., 0., 0., 64., 242., 255., 255., 255., 255., 140., 0., 0.,
       0., 64., 242., 255., 255., 255., 255., 140., 0., 0., 0., 64.,
       242., 255., 255., 242., 64., 0., 0., 0., 0., 64., 242., 255.,
       255., 242., 64., 0., 0., 0., 140., 255., 255., 255., 255., 242.,
       64., 0., 0., 0., 140., 255., 255., 255., 166., 0., 0., 0., 0., 0.,
       140., 255., 255., 255., 166., 0., 0., 0., 0., 0., 0., 0., 0., 0.,
       0., 0., 0., 0., 0., 0., 134., 179., 179., 179., 179., 179., 179.,
       134., 0., 6., 198., 255., 236., 229., 229., 229., 229., 172., 0.,
       64., 255., 255., 64., 0., 0., 0., 0., 0., 0., 64., 255., 255.,
       64., 0., 0., 0., 0., 0., 0., 64., 255., 255., 255., 255., 255.,
       255., 121., 0., 0., 19., 76., 76., 76., 76., 76., 255., 255.,
       236., 45., 0., 0., 0., 0., 0., 0., 64., 255., 255., 64., 0., 0.,
       0., 0., 0., 0., 159., 255., 255., 64., 64., 236., 229., 229.,
       229., 248., 255., 255., 191., 0., 45., 179., 179., 179., 179.,
       179., 134., 0., 0., 0., 0., 0., 0., 80., 179., 179., 179., 179.,
       9., 0., 0., 1., 198., 255., 251., 229., 229., 236., 13., 0., 0.,
       255., 255., 198., 0., 0., 0., 0., 0., 0., 80., 255., 255., 14.,
       0., 0., 0., 0., 0., 0., 89., 255., 255., 157., 255., 255., 255.,
       255., 85., 0., 89., 255., 255., 174., 0., 0., 174., 255., 255.,
       63., 89., 255., 255., 0., 0., 0., 0., 255., 255., 89., 89., 255.,
       255., 70., 0., 0., 140., 255., 255., 45., 0., 37., 255., 255.,
       229., 229., 255., 255., 37., 0., 0., 0., 0., 179., 179., 179.,
       179., 0., 0., 0., 63., 179., 179., 179., 179., 179., 179., 179.,
       179., 63., 80., 229., 229., 229., 229., 229., 243., 255., 255.,
       80., 0., 0., 0., 0., 0., 0., 198., 255., 134., 0., 0., 0., 0., 0.,
       0., 195., 255., 198., 1., 0., 0., 0., 0., 0., 38., 255., 255.,
       134., 0., 0., 0., 0., 0., 0., 190., 255., 157., 0., 0., 0., 0.,
       0., 0., 11., 255., 255., 103., 0., 0., 0., 0., 0., 0., 115., 255.,
       255., 0., 0., 0., 0., 0., 0., 0., 255., 255., 60., 0., 0., 0., 0.,
       0., 0., 0., 179., 179., 27., 0., 0., 0., 0., 0., 0., 0., 0., 0.,
       0., 0., 0., 0., 0., 0., 0., 0., 0., 166., 255., 255., 255., 140.,
       0., 0., 0., 64., 242., 255., 255., 255., 255., 140., 0., 0., 0.,
       64., 242., 255., 255., 255., 255., 140., 0., 0., 0., 64., 242.,
       255., 255., 255., 255., 140., 0., 0., 0., 64., 242., 255., 255.,
       242., 64., 0., 0., 0., 0., 64., 242., 255., 255., 242., 64., 0.,
       0., 0., 140., 255., 255., 255., 255., 242., 64., 0., 0., 0., 140.,
       255., 255., 255., 166., 0., 0., 0., 0., 0., 0., 0., 0., 0., 0.,
       0., 0., 0., 0., 0., 0., 0., 179., 179., 179., 179., 0., 0., 0.,
       0., 37., 255., 255., 229., 229., 255., 255., 255., 0., 0., 255.,
       255., 140., 0., 0., 70., 255., 255., 45., 0., 255., 255., 140.,
       0., 0., 126., 255., 255., 0., 0., 0., 191., 255., 255., 255.,
       255., 236., 9., 0., 0., 182., 255., 255., 76., 76., 255., 255.,
       182., 0., 89., 255., 255., 0., 0., 0., 0., 255., 255., 89., 89.,
       255., 255., 0., 0., 0., 0., 255., 255., 89., 9., 255., 255., 243.,
       229., 229., 243., 255., 255., 9., 0., 0., 134., 179., 179., 179.,
       179., 134., 0., 0., 0., 0., 0., 179., 179., 179., 179., 0., 0.,
       0., 0., 255., 255., 243., 229., 229., 255., 255., 13., 0., 89.,
       255., 255., 70., 0., 0., 140., 255., 255., 0., 89., 255., 255.,
       0., 0., 0., 140., 255., 255., 80., 89., 255., 255., 42., 0., 0.,
       174., 255., 255., 89., 0., 85., 255., 255., 255., 255., 255.,
       255., 255., 89., 0., 0., 0., 0., 0., 0., 140., 255., 255., 0., 0.,
       0., 0., 0., 0., 0., 198., 255., 134., 0., 0., 254., 229., 229.,
       229., 251., 255., 198., 1., 0., 0., 9., 179., 179., 179., 179.,
       0., 0., 0., 0., 0., 0., 0., 143., 179., 179., 179., 0., 0., 0.,
       0., 51., 255., 255., 229., 229., 255., 255., 51., 0., 0., 255.,
       255., 153., 0., 0., 153., 255., 255., 0., 92., 255., 255., 51.,
       0., 0., 51., 255., 255., 0., 102., 255., 255., 0., 0., 0., 51.,
       255., 255., 102., 102., 255., 255., 0., 0., 0., 51., 255., 255.,
       102., 92., 255., 255., 51., 0., 0., 51., 255., 255., 0., 0., 255.,
       255., 153., 0., 0., 153., 255., 255., 0., 0., 71., 255., 255.,
       229., 239., 255., 255., 51., 0., 0., 0., 0., 179., 179., 179.,
       143., 0., 0., 0., 0., 0., 0., 0., 0., 0., 0., 0., 0., 0., 0., 0.,
       25., 97., 102., 102., 102., 102., 56., 0., 0., 0., 64., 242.,
       255., 255., 255., 255., 140., 0., 0., 84., 178., 250., 255., 255.,
       255., 255., 140., 0., 0., 140., 255., 255., 255., 255., 255.,
       255., 140., 0., 0., 140., 255., 255., 255., 255., 255., 255.,
       140., 0., 0., 84., 178., 250., 255., 255., 255., 255., 140., 0.,
       0., 0., 64., 242., 255., 255., 255., 255., 140., 0., 0., 0., 25.,
       97., 102., 102., 102., 102., 56., 0., 0., 0., 0., 0., 0., 0., 0.,
       0., 0., 0., 0., 0., 0., 80., 179., 179., 179., 179., 9., 0., 0.,
